2.26145731535866
2.26145731535866
2.26145731535866
2.26145731535866
2.26145731535866
2.26145731535866
2.26145731535866
2.26145731535866
0.701831580628549
0.701831580628549
0.701831580628549
0.701831580628549
0.701831580628549
0.701831580628549
0.701831580628549
0.701831580628549
-1.05274737094282
-1.05274737094282
-1.05274737094282
-1.05274737094282
-1.05274737094282
-1.05274737094282
-1.05274737094282
-1.05274737094282
-0.402903314805278
-0.402903314805278
-0.402903314805278
-0.402903314805278
-0.402903314805278
-0.402903314805278
-0.402903314805278
-0.402903314805278
-1.96252904953539
-1.96252904953539
-1.96252904953539
-1.96252904953539
-1.96252904953539
-1.96252904953539
-1.96252904953539
-1.96252904953539
-0.0779812867365056
-0.0779812867365056
-0.0779812867365056
-0.0779812867365056
-0.0779812867365056
-0.0779812867365056
-0.0779812867365056
-0.0779812867365056
0.181956335718513
0.181956335718513
0.181956335718513
0.181956335718513
0.181956335718513
0.181956335718513
0.181956335718513
0.181956335718513
-0.597856531646542
-0.597856531646542
-0.597856531646542
-0.597856531646542
-0.597856531646542
-0.597856531646542
-0.597856531646542
-0.597856531646542
0.831800391856058
0.831800391856058
0.831800391856058
0.831800391856058
0.831800391856058
0.831800391856058
0.831800391856058
0.116971930104758
0.116971930104758
0.116971930104758
0.116971930104758
0.116971930104758
0.116971930104758
0.116971930104758
0.116971930104758
0.0519875244910034
0.0519875244910034
0.0519875244910034
0.0519875244910034
0.0519875244910034
0.0519875244910034
0.0519875244910034
0.0519875244910034
0.0519875244910034
0.0519875244910034
0.0519875244910034
0.0519875244910034
0.0519875244910034
0.0519875244910034
0.0519875244910034
0.0519875244910034
